86111616 -

Kerhare, Kercbersse, 1616616666, 1616. (1252)

560, 563.

8616616166 6. 161166.

8616661616,8616661116611, -1116616,1611666 1611
(1266-1300) 853, 1322, 1485, 1615, 1661,
666161166. 16 8616666611 1615, 66611 dapifer in
Ravensberg.

Kesabeckere, Dietrich, 861116166681. 161166
(1289) 1423.

8666116111, nobil. widekind 6. 01161. (1231) 308.

86661166 6. 81661166.

8661166666. Christian.

Ketelinchusan 6. Keitlinghausen.

Kylios 6. 8161666,

811161, 8111616 (81. 8611616) 1105, 1486.

8166116 6. 8611116.

8161666, 811166 (8666111666), 61166 6. N. (nm
1243-56) 406.

8111, 816111166 1611. (1233) 261.

811665611166, 86111666, 8611166, 86166111, Bud-
666616 (81.16111611166161) 1548. - 66616116 1195,
1541, 1548. - von 81111611161116111. 61611666
1616. (1295) 1556.

81166661611611, 8616666111, Thorneberge (W.
816161616),66661616616611362. 1161661116 1610.
eeclesia 1211. - platan. Weseelus (1210) 919.

811666616166, 8616166 (81181661116166) 33,
264, 618. -1666166616116611 (1254) 618.

811661661616,166161616, Lengheren 1051, 1058.

Kirchwahlingan, Walige (81. Fallingbostel),
11616611. 1244.

81161111611166,11611111116, 1161111116 (81. 116666
1. 11666.) 2, 181. - von K..· 11166611 (61111185
-1206) 2.

81661166, 8166116166, 86661166, 1611666 (1231)
301. Gozwin (1245) 436.

816111611, 1661161111. 226, 221. -
(1235) 289.

81611661616 1500.

81616-6. d. Stammnamen.

8161666661161111166616)686116.

81616668161666,11611661,161161666166166181.
Μ16666)18,1206,1239.- 65661666666111616
1. 86111666, thesaur. Mind. (1282) 1239.

8161666666166 (81. Minden) 6. Η66166.

81666116, 81661166, (1166666, 0161666116,1116111611

wasta Urkellnah 11.

666166 Gozwin

1116. “ 593

1611. (1244-60) 415, 538, 142, s. 81. 1166611
6111. (1156-581638, 101142.

81616,61116, (11616181861161111, 1116111611 1.
(1269) 926.

86666616666, 61166 6611666611 (1293) Nachtr. 52.

8666611661, 8666116116, 11661666 v. dem, 1611.
(1299) 1632.

Knigge, 81116116 (8166116), 8611116, 8611116, 8616116,
Cnige, Cnigge, Knycehe, 1161116116, 8611116, 81116·
gen, Gnikke, Knikke, 61611116,861“6116, 811. 0. N.
(1290) 1406 A. 666116111. (1256-61) 648, 865.
666111616. (1281 -13001 1223, 1254, 12181293,
1401, 1561, 1566, 1654. 66611 81. 6. 866166
(1300) 1654. 616616 canon, cellerar. 11166.
Η61611611 fam. (1260-96) 128, 914, 958, 991,
1022, 1313, 151411, 6. Fr. 16116 (1285) 1813.
Hermann 1661, 81. 6. Heinrich (1210-13) 958,
1022, 6. Fr. Adelheid (1213) 1022. 1611666
(1234-10) 280, 352, 353, 951. 8661661661.
81. 6. 66611 (1268-1300) 918, 1654. Lamban
16111. (1161866116) (1263) 183. - Vgl. Gndeken.

Knipping, -pinc, Ernst (1282) 1253. 1161661
6. 66111616, 61166 Μ166.

866116, 1611111611 6111. (1263-69) 183 (l), 929.

866116 (81. 11611616) 1206.

-11161116111616, (1295) 1516.

866161166161116, 1611666 1., 1616666611. Μ161-
6161161 (161 1245) 434.

8611116, Calathe, Colete (Kr. Minden) 1086,
1090, 1129, 1286. - Vgl. Colle.

8616, (161661681661130, 112, 585, 581, 1916,
1006. 6666161166116611 30, 153, 112, 295, 299,
300, 520, 531, 585, 581, 121, 130, 185, 993,
1213. pondus 1242. - archidiac. Reinardus
11161166. 8666666. (1290) 1444. 866166 (1294)
1522, 66611 1161666666. - 1619166166 6661661.
6166116111 (1241) 349. - cinea 223. - provincia
339, 141. -- 61666616 1089,161611.861116161166611
661, Nachtr. 41.

- 81111, 66616616 591, 132, 993, 1414, 1522,
1541,1650. - 161166 666 114, 361. - 66661166
6111611 dux 1. Braunschweig (1260) 132. -
capitulum 1522. - archiepiscopi: (allgem.) 333,
136,1289,1522. 8616111611 I. (1211-23) 10,
146. 6., 106, 123, 130 6., 86611163. Hein-
rich v. Milllenark (1225-36) 152, 112, 114,

15

 

