8515555515 - Rari. 635

158, 169, 170, 172, 174, 175, 200 A.‚ 217,
223, 226, 235, 244 Α, 246, 247, 273, 274,
287, 309, 317, 318, 327, 329, 333, 334, 335,
337, 355, 361, 369, 377, 378, 386, 393, 396,
404, 414, 430 4., 434, 436 A, 442, 456, 467,
480, 490, 519, 5535, 559, 566, 572, 587, 617,
723, 785, 786, 788, 796, 948, 984, 12261274,
1275, 1332, 11551111. 52, 5.71.8ορ11151.01555- ’
burg od. 1. 7551115(1224-61) 130, 157 (17151115
5317111115ηά 17555111), 169, 217, 247, 287,
318, 327, 334, 335, 361, 369, 377, 378, 396,
404, 412, 414, 430, 436, 5. A, 442, 445 5. Α..
456, 466, 467, 468, 469, 480, 490, 5535, 559,
572 5. Α, 726, 757, 1226, 1274, 1275. 0115111.
8115551155 1. (1256-1300) 245 A., 646, 656,
663, 7005, 701, 723, 774, 779, 785, 786, 806,
815, 817, 838, 839, 840, 845, 853, 878, 891,
901, 909, 916, 924, 925, 926, 938, 939 5. A,
940, 941, 942, 948, 963, 969, 970, 977, 978,
979, 984, 993, 1008, 1015, 1028, 1040, 1043,
1050, 1053, 1055, 1056, 1067, 1069, 1070,
1071, 1072, 1073, 1078, 1082, 1085, 1094,
1104, 1105, 1140, 1144, 1169, 1173, 1174,
1188, 1206, 1211, 1219, 1233, 1234, 1236,
1241, 1242, 1269, 1287, 1292 u. A, 1294,
1320, 1322, 1323, 1328, 1332, 1339, 1342,
1344, 1347, 1361, 1363, 1371, 1382, 1393,
1394, 1396, 1416, 1420, 1421,1428, 1432 u. Α,
1440, 1448, 1449, 1456, 1461, 1478, 1485,
1489, 1497, 1498, 1499, 1500, 1511, 1512,
1519, 1536, 1537, 1542, 1562, 1568, 1586,
1604, 1621, 1622, 1630, 1633, 1636, 1662,
1663, 1665, avunculus d. 55151551. Haliand
1028, patron. 55515515111555511551 774, 5. 71.
1155515 zur Lippe (1268-98) 901, 940, 969,
978, 983, 1008,1055‚ 1056, 1071, 1085, 1140,
1173, 1211, 1234, 1287, 1294, 1322, 1328,
1339, 1361, 1393, 1432, 1489, 1498, 1499,
1519, 1536, 1543, 1604, 1621, consanguinea
555 Β. 0115 1. Ρ55555555 151. 1489 A. 0115 IV.
S. 01155111. (1276-98) 663 A, 1073, 1085,
1173, 1322, 1328, 1432, 1519, 1596, 1621,
55511 canon. Osnah. Sophie T. 1555151, 75.
5. Hermann v. Holte. Sophie 75. Β515115155 ΙΙΙ.
zur Lippe. Sophie T. 01155 111. (1276 -94)

(1276--77) 1071, 1085, 75. d. Joh. v. Limburg.
Vgl. auch v. Calverlage. - capellam comirwm:
Hermann (1229-34) 200, 278. Κ55155 (1243)
393. 15111555 (1243) 393. 15111’1555(1248--9)
500, 501. Friedrich (1258) 7005, 701, 55511

pleban. in Borgholzhausen. - 5515111, campteras: ¹

15151555, Hifriydus (1240-46) 334, 377, 430,
439, 456. Friedrich (1258-70) 701, 779, 788,
798, 926, 940 u. A, 969. (1155111511 (1270) 940.
- rdincyravii: Hermann (1214) 62. 71111551
(1267-90) 891, 901, 926, 940, 969, 1055, 1071,
1085, 1174, 1328, 1449. Heinrich Bate (1290
-1300) 1449, 1456, 1485, 1667. - 5555151155
Ekbert (1262) 769. - dapifer-i: (allgem.) 76,
1663. Friedrich v. Dikkenberg (1214) 62. Η515-
rich (um 1218-23) 77. 11555551. Goldenstede
(1224) 144. 7511511515 (1229*31) 200, 246.
Heinrich v. 1751155 (1240) 334. Heinrich (1242
-46) 377, 455, 456. 7555555555 (1244-49)
422, 423, 501, 502. Bernhard 1. Laer (1249)
507, 510. Heinrich Vinke (1254) 622. Η51115555
(1259) 713, 723. 1151511511550262) 779. 1511555
Κ51551155115(1265) 838, 839. —pincerna Hein-
rich (1262) 769. - 5155155115 Konrad (1242)
377. Luderus (1243) 405. Hermann (1244)
430. Konrad (1246) 456. Η51511511 (1269) 926.
- officiales (alphab.): 62, 1055. Α1551555
(1286-90) 1328, 1449. Αε11ο111,6155155(1290)
1449. Diabolus, Hermann (1214) 62. Dietrich
(1267-70) 891, 940, 969. (1155111551 (1286)
1328. Heinrich (1269-70) 940, 969. - mini-
5155151555 70, 76, 144, 200, 434, 466, 503, 507,
916, 979, 1043, 1234, 1416, 1511, 1586, 1663;
151. Ange, 1. Β555115515, Β51511515,1.Β151555115,
0115,Η5555, v. Hollenslede, v. Laer, v. Meppen‚
v. Νο111155ρ5, 85115555, 8511511155, 8551511, 555111151.
v. 85551, 1111515, Vogel, Volmar‚ v. Wifhusen
5. 515 Verzeichnisse der Ministerialen 434, 1206.
- 5511555155ῖὸ.

- von H: Busse, 15551115 Ldbbecke. Friedrich
canon. in Mdnsier. Hermann (1259) 679 A.
Hermann canon. in Mnnsrer. Hermann canon.
in 0555111051. Konrad 1511. (1257) 679 5. A.
Konrad dapifer d. 6151551. Wdlpe. ’

Ravensburg Dietrich v. 123 A.

1071,1085,1322,1432,1519. Uda T. 01155 ΙΠ. Rari, Nimiam, armiger (1282) 1242.

801

 

