618 ι 0106116116106 - 0616510611.

1384, 1601, 1654, castell. 1111161116 1371. Lu·

. dolf (1105) 13. 81611610 fam. (1181-88) 1154,
1401. 11161161 (um 1141-53) 380. Wolkerus
(hierzu? 1300) 1646.

- s. Ohlendors, Oldentrup.

Oldenhervorde, Johann 1., mil. (1186) 1341.

01061116116 6. Μ6116, 01166.

01111116 1106.

0106156166, 0161116111. (um 1180) 1106.
016, Hom, 1116111111 mil. (1158) 704.
0161116 6. 06116.

016116116 6. Η616116116.

0111116, 0111131666, vgl. Β666116; Β111, 1.; Plump. 1

0111111116 sacerd, S. d. civ. Mind. 1160161016 f
(1183-86) 1181, 1348. Vgl. Minden, 6161161. ⁴
0111616, 616616111136611 85, 790. 791, 800, Ῑ

01061111161616. 611611111611.
01061661110666, 0116101, Μ11116161161. 1. 861111-

0666116 (1144) 413.

0106111116, 01061-, 0116106166 (Κ1. Β16161610)
415. - von. 0..- 86111610 u. Β1, Ν16616116,
1616165613. 01111616116161 (1611145) 434. Η61-
56100111 11801 1106. 1611611 11170) 977.

01061611661111661, 01066661 (1161 Levern zu
61161161) 1349.

6161101111, 61616661 (ob 11 6116116111),
Herbord 1. (um 1180) 1106. Wolkerus v. (1300)
1646.

0161116166 6. 0111610611. “

0161116 6. 06106.

0111616. 011611.

, Olinghen 6. 06111661.

Oliva, 0111611111 (b. Danzig),·abbas 0. N. (um
’1143-56) 406.

0111011, 016116661616, ecclesia 883. - episcopus
8161666111. Schaumburg (1167) 351 Α, 799 A,
883 11. A. -- dapifer Herbord v. 0610161161
(1164) 799.

01116116 6. 0111611.

011, 0611, 0611, Hom (11161611. Leese 11. 161066-
bergen) 195, 359, 408, 618, 715, 719, 759,
1496.

-, 6111161166, 1611611 fam. (1170-71) 957, 1006.
1611611 mil. (1286) 1337.

01161 vgl. 0616116106, 1.

‚ Ondingehusen s. 0111116.

01616161, 0611661116111161110161) 774.

0611606116 6. 11011161061111.

0611610611, 0116106166, -1116166 (Κ1. 1011166116),
666,· [1611161066 u. Rudolf, cives in 8161111606.
1111111611] (1159) 711.

6661661, 1016 1., 1161, 1116, 15161111,
Ν661111. 31.

’0660116 0661116 s, Oesede.
Osingen, Osinge, Η61111611 v. (1148) 496, 499,

6. S. 0616116661. (1148) 496.

0616510611, 06661111616, Osnabruge, -butg,

Osenbrueke, -brugge, -11106116, -burg‚ -bruge, ἶ
-brughe, Osembrucke‚ stadt 51, 157, 351, 353,
458, 597, 854, 866, 1043, 1396, 1537, 1553, ³
1561, 1571, 1586 A, 1589. Ausstellungsort
105, 114, 118, 188, 189, 391, 566, 573, 5114,
619, 637, 664, 666, 667, 777, 798, 854, 866,
971, 988, 995, 1008, 1101, 1111, 11611191,
1310, 1381, 1535, 1537, 1541, 1553, 1561,
1571, 1571, 1589, 1631, 1633, 1661, 1661. )
0611101616 441, 613, 1381. 061111611611,061116
sive 6166 claustralis 67, 441. 0616111519700, 1
1535. 116166 1170, 1174, 1340, 1344. 11611616
371, 1083, 1084, 1170, 1311. 6611116661495.
661101490, 1170. mensura 451. Fleischergilde )
854. —- 1111116661 1537, 1553. 11160661060141)
371. 16666161160166 1111610611)861. 0111- 1
1161 16111166 (1666) 1111. - 1116161111,
1538 Α.. 1553, 1561, 1606, 1670. -1161111,
schepene 116, 1361, 1537‚1580, 1161, 1111. 1
- 166 611, 458, 1169, 1341, 15311513, 1
1561, 1511, 1586. 1116111611166166611111)
1094. Ε6661, 0166111611 1. (1141) 371. 81611- 1
furt, Heinrich 1. (1166) 861. 816116, 0611116116
06 (1141) 371. Wihmannus (1166) 601. -
diocesis 188, 105, 154, 371, 458, 731, 806, 1001,
1019, 1067, 1073, 1111, 1116, 1174, 1311,
1381, 1408, 1537, 1561, 1586, 1589, 1604.

0666116116,0161611106,1606,-1610606611, - 061161111, 66616616 75, 489, 510, 553, 591,

1 0661161606 (111111111166116) 167,168, 177, 388,
389, 1177, 1178. - 161101 Hermanns Frau
0. Ν. (1143) 385.

739, 806, 1094, 1111, 1145, 1191, 1310, 1314,
1535, 1541, 1650. 761613111611589. -— 6611711061
19, 67, 188, 371 Α, 441, 504, 509, 553, 995,

 

