1151111511 - 1151155510511, 657

11511555 5. 11515555.
1151115 5. 815151510, sacerd.
11511115 5. 1151111515.
1551551115 5. 15551511.
1511 5. Wolf.

15115555. 1111155.

Vulpes, Wnlpes, 155, 1555, 1115510 (1267) 877.
Β5155510, 51150. Ministerial (1247) 474. 1115-
01155 1511. (1264) 806. 0155, S. d. Richard,
555551150, archidiae. 15551055. Η511155555
1111115 0511150 5. S. 1151151555 (1277) 1111.
11515510 mil., Β1. 0. 155555 (1252-75) 572,
779, 788, 806, 891, 901, 926, 1056. 155555
(1235-48) 287, 455, 456, 490. 155555 Β1. 0.
11515510 (1252) 572. 155555 S. d. Hartmann
(1277) 1111. 1510551515. Β1. d. 11155510 (1264
-·90) 804, 1111, 1192, 1223,1240,1254,1326,
1335, 1403, 1451. 1510551511, Β1. d. 11155510
(1253) 602. 1515511, 1551. 5551. 15 111555555511,
canon. Osnab. 1115115101515. (1241) 352, 353.
11155510 155. mil. (1249) 518. 11155510 mil.
(1253-1300) 594, 602, 555. 1. Ρ115155555555
607, 620, 627, 631, 636, 642, 665, 669, 687,
691, 893, 698, 763, 776, 780, 781, 783, 804,
811, 820, 850, 871, 889 Α, 895, 922, 935, 950,
956, 958, 982, 999, 1003, 1007, 1024, 1025,
10305, 1031, 1111, 1130, 1132, 1143, 1151,
1172, 1190, 1192, 1202, 1204, 1208, 1212,
1223, 1228, 1235, 1239, 1240, 1249, 1293,
1302, 1311, 1314, 1326, 1335, 1351, 1374,
1387 (1111555555), 1400, 14031444, 1451,1510,
1516, 1553, 1589, 1602, 1654, 5555 dapifer
Mind. 11155510 mil., 555551. 0. Η51115555 (1277)
1111. 11155510 S. d. Hartmann (1277-80)
1111, 1192. 11155510 fam. S. d. 11155510 5.
Β1. 0. Jordan (1264-90) 804, 10031143, 1192,
1223, 1240, 1249, 1253, 1254, 1325, 1401,

. 1403, 1451. 111511510 1515. (1272-85) 997,
1202, 1208, 1212, 1249, 1253, 1311, 1314,
1326. 11155510, 55555. Mind. Richard‚ S. d.
Richard‚ pleban. 15 111115. - Hdrr'pe des
Richard: Christine (1288) 1400.

15115055 5. 15115055.

1511151155 5. 115111515.

15115155 5. 115115155.

wasia. ara—auca 11,

15515, Β515115105 111115 5151555155, 51115 15
1115151510. (1511555511, Η5151555 5. Ρ5155115,
Brr. (1291) 1456.

15555515155 5. 115551511.
1551515555, Christos 155555 (1682) 1547 Α.

W.

W. s. 1. Η501555; 115055,501515155155.6551501.

Wabeke, Wabike (111515155155055. Boden-
werder) 1181,1247, 1248.

11551511510, -15105,11511511511(Κ1. 8150155555)
1484. - ron W.: 1115111511, 511515151151. 5. Μ55115.
Μ150. (1248) 497.

Wackerwinkel (Kr. Burgdorf) 835.

1155115111, 1151155515, 1155115555111 (Κ1. 851555-
brunk), Heinrich 1. mil. (1257) 669. Ludolf v.
(1277) 1087.

1150555511, 455515115555511 1071. 151. 5555
1511551510.

1155551510, -15105 (Kr. Diepholz) 1206.

11555515155, -15055 (111151 zw. Locrum u. Wie-
0555551) 1110, 1113, 1301.

Wagyrthe 5. 1115511155.

11551155, 1155115 amnites 5. Schaurnburg.

115555551555,115555515(Κ1. 151055) 1023.

1151155551, -5515 5. 1155115111.

11515551, 115151555515 (1156510515555), prepoe.
15115055, canon. 5151555515. (1249) 515. -
canon. Η5111555(1249) 515.

1151551155 555510, canon. in Nenndorf. ,

1151551515, 1151551515, Τ. 0. 85155015 (1293)
1503. 151. Β15511; 1155551055, 1.; Η55155 1.;
Sapiens,

115105515555 5. 1151155510511.

11510551, 05115, -0511115, 5511115551 5051551011.
d. nobil. Simon zur Lippe. Adolf (1254-59)
612, 723. 11105111505115 1200-4) 6.

1151055151 5. 11111550, iudex; 85515511155515555.

11515, 155555 5111. (1256-70) 657, 754, 975,
quondam dapifer v. 010555515 657.

1151555555 5. 1551555.

115155, Hermann 1. (1268) 901.

1151155 5. Κ11551155115555.

1151155515511, 115105515555 (Κ1.Η511510), pa-
rochia 1610.

83

 

