611) Lirem - 14114.

1114144 4. Lenem.

1111444991, 1355.

14414114,

14114144. Lopke.

Loccum, 141114, 14444, 14414, 14414 (O. 8411144-
selburg, in Heium). Ausstellungsort 1197. -
monacum, conventus 4. Mari« 93, 99 4. 4., 37,
40, 48, 79. 99, 101, 107, 108, 149, 161, 169,
176, 189, 190, 914, 915, 990, 966, 396, 330,
349, 348, 351, 359, 403, 416, 417, 497, 431,
439, 433, 459, 463, 465 4. 4., 474, 478, 486,
499, 514, 516, 517, 593, 596, 597, 539, 540,
541, 543, 544, 556, 557, 558, 568, 577, 581,
589, 588 4. 4., 599, 599, 600, 613 ιι. 4., 691,
635, 639, 644, 649, 653, 655, 685, 707, 715,
795, 799, 731, 747 4., 759, 760, 761, 766,
773, 807, 808, 884, 837, 843, 844, 849 4.,
865, 884, 885, 886, 889, 890, 898, 931, 946,
951, 976, 991, 1091, 1051, 10591076, 1109,
1110, 1113, 1115, 1190, 1147, 1148, 1149,
1150, 1117, 1187, 1196 4. 4., 1197, 1198,
1199, 1900, 1901, 1909, 1903, 1993, 1994,
1940, 1945, 1946, 1959, 1963, 1964, 1965,
1967, 1983, 1991, 1997 4. 4., 1999 u. 4.,
1301, 1310 4., 1318 4. 4., 1331, 1338, 1379,
1375, 1377, 1378, 1388, 1404, 1406 ιι. 4.,
1417, 1450, 1451, 1473, 1483, 1491, 1496,
1501, 1508 44, 1509, 1594, 1595, 1598,
1599, 1530, 1539 ιι. 4., 1545 4. 4., 1546,
1554, 1588, 1605, 1634, 1639, 1654, 1668, 1669.
44414414 (Gebaude) 1959. 1141114 1144 Kl. (1977)
1109. Ρ41144 4. Georg 886. altar. s. Crucis
1199, s. 114114, s, Martini, 4. iohannis bapt.
639. Ν441ι44 417. Β14411. Widekind 1144. be·
3141144 7474. - capitulum 639. - abbates:
(allgem.) 844, 1110, 1198. Eekehard (1199) 64.
1. (414 1900-4) 6. 11414141 (1905-95) 6 4.,
93, 97, 37, 108 4., 149. Hermann (441 1943
-60) 406, 446, 450, 538, 691, 639, 660, 683,
736, 745. 1114111411 (1968-79, 1975 †) 898,
918, 931, 945 ιι. 4., 991, 1051. Hermann
(1975-78) 1051, 1110, 1115, 1190. Amold
(1980-88) 1900, 1357, 1404, 14064. ο. Ν.
(1999-95) 1483, 1598, 1599, 1530. 14111414
(1999) 1634, 1639. - 41144441 Β4111114111 (1909)
37. Ludwig (1945) 446. Isfridus (1958-50)

689, 709, 736. - acueram Hermann (1905) 99.
Gemendue (1950) 538. - 141141411444.) 1301. ’
Τ1411114111144(1987) 1376. - mornacii, 1144111ιί,
sratm 1059, 1483, 1517, 1595, 1634. Heinrich
(1905) 93. Hermann (1969) 94544. — 311194 ,
Emendrudis Fr. d. Brimo r. Winzler (1950) ἶ
593. ¹
- con L..· dominus Richard (1999) 1634.
14444144 4. 141144.

Locus regis 4. Β4441144 4111141.

- 4. 114114 4. Μ4114441411.

14114, 141144, 1ο1114, 14111411, 1141414111 (1976)
1078. Gerhard mil. (1981) 1917. 1114141141.
(1997-99) 16091639. 1441114111 4111. 11967- g
83) 865, 1051, 1993, 1954, 1978, s. 11. 1114- ,
114111(1975-81) 1051, 1993. ’

-, 14114114. 1411114.

1411414 4. 1441.

1411441444 4. Ludwig. 1

14111144, Dietrich (um 1950) 546.

winingen, Loninghen (oldenb. 41111 Kloppen-
burg), archidiacon. Rudolf r. nessei (1988) 1381. r

1414411, Prcdicat. frater Wilhelm 1. Brabani (nach

1mm9ffl. 1

141141, Η111141ι141111, 41114 Mind. ¹

144444, (1411111411, capellan. episc. 111411

144141, -41114, 414444, -ginch, Gotiiried mil. (44
1940-1965) 380, 565, 733, 747, 749, 750, 899.

1411, Νο11141114, Ν411111411144, -141114, -1411411, ’
1411114) 589, 599, 613 4. A., 644, 65389144,
899, 893, 895, 896, 897, 898, 830, 976, 1199 4.,
1483, 1516, 1614 4., 1634. 14111111 bei 1183.

14114, 14, 144, Lo, 14444 (Ν. Ν1411114144Λ1
Weser) 55 4., 319, 375. parochia 359, 353,
-354, 475. Archidiaconai 55 A. - arccc'dicccni:
(allgem.) 894. 1411444 v. Rodien, 4444411141.
(1963-77) 783, 819, 1095 4. 4., 1097, 1083,
1107, 1110. Gerhard canon. 111411.(1985-86)
1314, 1395, 1351. ο. Ν. (1990) 1439. 141141
(1999) 1634, 1646. - 4114441144 14614441440979)
997.

-- 11431144 cmc: (1999) 1639. Agnes T. d. 1411411
(1990) 1447. 8414114111 (1931-90) 941, 311,
349, 359, 353, 365, 366, 375, 390, 391, 334.
410, 490, 494, 446, 450, 459, 474, 588, 597.
615, 694, 636, 648, 688, 691, 693, 698, 799.

 

