1287 133

1353.

3166161 119616 666 Μ16166 1661111191 661 311166 166 11116616 0661661 661 166 1166666166 uu
11661661 116 896611666616669 166 31661616 61666 1. 1. 1181 1166661166 29. 1287 Mu 3.

(1616. 6661 dem Or. im 1191. 81.-Α. zu Huuuuuu·‚ 1161661661 Ν6. 30, 6611 8166611669 166 sonu 666-
1666666 11616616 616666, 6. Η61661669, 0616616696· 113. Abu. IX, 8. 25 Ν6. 35. Du 1161.
616666 6661 96166611 1166666, (16661. 166 811116 1161661661 691. u. 3616611669 6. 6. O. 83 Ν6. 1.

1360.

36611661166161161666 666 Tusculum, 9196116166 16961, 1116616191 166 1166166166 166 31661616

116966 116 8666161669 61666 81661166Μ6616169997699Ι6 111. 8611166616 661 66166666 11611966.
616 61 6.

(1616. 116611. UB. IV, 8. 831116. 1939.

1361.

3661 ouo 666 3666661669 1661111191 uu Ζ6611666669 suiuus 3661666 16116619, Ρ6696166 666 s. 161666

16066616116166166686111166616,6616661666 Η61619661661666 861666 11666666, 11696166 666

1669666, 166 81611316161611 116 666 661666 1766161666 116 9666116166 1161161166, 16661666 166
ius civile 166 81611 11166166. 1116161611 1287 Mai 18.

11616. 3161116616 8161166611 6613169666966616 616. 3161616111 1685 (161166. 111, 311711696166166),
116611. 113. III 8. 91 Ν6. 173, 116666, UB. 1. 81611 31616111 8. 33 Ν6. 13. 1169661 6.
6. O. IV, 8. 897 Ν6. 1912.

1362.

36166666 de Rothenberge eanonicus Mindensis 6666161161 6611666166 166 Kl. Paruulus 161 86661

661 116 1116616 16 8616616. Μ16166 1287 Mu 24.
Or. 166 1191. 81-Α. zu 11166166, Ρ6661166 116. 10.

1363.

11161166, 1161666116666661 3116966 666 Ρ61661666 16166166 116 36169669 61666 81661166 6611 1666
366166 ouo 666 3666661669 66966 16166966166 661 6616666 861611966966. 1287 ,7661 20.

(1616. 116611. 113. 11, S. 898116. 1311, 161669, 116661. 1. (166. 6. 3666661669, Cou. 1191. 8. 60 Ν6. 61 .

1364.

3166161 1619616 666 Μ16166 6616111 166 6666611966 36661666 661 11616661116666 166 66666 3696116
166 Κ66666111166 Huuesuuu 61666 61666191691966 Aulus& 1116166 1287 1611 31.

(1616. 6661 dem 06. 11661666, UB. der 81611 Η1116616116 I, 8. 206 Ν6. 117. 191. Ν6. 1397.

1365.

3166161 1619616 666 1116166 6669116161 166 11669966 Η661661 661 1699611 uon Μ661616161
616166 666 161 361616 166 Novum Castrum, 6661Η116 16 1661616966 661 166 Ζ616166 16
8166169616 11116166 1161916611 uu 1616961611161. 1116166 1287 6169661 18.

Or. 166 1191. 81-Α. zu 111661661161661. 1116166 Ν6. 58. 3611681691 161166 66 166 Ρ669616661-
61661166. (1616. 1116116616, 8616691111, 8. 119. 3696611166. 11, 1896 Ν6. 901. 81661696
iu 8161116116166 116. 1611169166161. 116966 Novum Castrum 6. 6166 Ν6. 382.

1166118616-8661 v1. 55

 

