668 0104401.

01010341, 1000014014341, 0041031001 172, 264, 352, 10014004 1444.
353, 561, 597, 665, 781, 806, 850, 10001132, morgen 1495, 1566.

1242, 1254, 1401, 15501626, 1641. 0041431010 4. 1410Ιο341.
4114140, 4114114440, 41141401, 4114140 804, 1059, 010 1242.

1094, 1200, 1607. 010410, 0100110 1292.
41141014 1254. 010414 489.
10110110 1449. 01103114 1396.
3034110014 1094. 014014 1207.
041041304 209. 01141114, 01141114 710, 1485.
heredes securium 13. parrochia (ε Holzmark) 728.
04104114 280. placitum silvestre s. concil. silv.
0011310144003728. 0011 1332.
00113το1104 13, 804. 10004 1006.
00111100, 0011110011 804. 10110οη01 1071.
0011001114 1059. 4401410014 1094.
00110103 1059. septa 1617.
11014 1412, 1573. 4004 1556.
10001040 4. 01010341. 40404010 1576.
10100410414 1094. 40011410 68.
kolebernere 1094. 101003101104 s, (110031.
kuste sone 1485. 000010311οο 0011 1094.
lardarium 769. 01440034 1094.
1014101040 1094. 01101341059.
leger s. Einlager. vare 209.
11110001, 1111100111 430, 024, 525, 616. 10140114 301 1396.
magister prede 261. 14111111 1483.
1000411001722. 14114 1200.
0100141 1332. 114104400111103 1094.
1000141414114 1332. 1101001110 1434, 1435.
100100400140, 10010010014, 1001400140, 1001001014 110041410414011 1284.
1059, 1094, 1174, 1200, 1301. 014100111177.
1040114 810. 11011 1644.

 

