616

(1204) 16. 0011111161. Jeinsen (1205-1221)
22, 26, 37, 45, 50, 63, 641, 66, 72, 73, 83, 87,
89, 91, 94, 102. Wulverus (1223- 515 1230)
120, 125, 132, 142, 150, 166, 220. 61111651
(1231) 228. Widekind (1239-50) 322, 349,
355, 365, 429, 478, 495 5. A, 504, 541; auch
151101. Kono (1252-61) 577, 579, 588 A,
602, 608, 609, 669, 697, 698, roa, 710, 736,
739, 747, 749, 755 Α. Ludoldus (1262-65)
776, 780, 783, 787, 789, 807, 824, 831, 832,
(1 011. 19) 82 A. Heinrich (1268) 922. Sige-
hard (1269) 933. 001115111181511115111(1277
-94) 1083,]096,1107, 1112, 1130, 1151, 1152,
1165, 1177, 1179, 1214, 1222, 1243, 1271,
1281, 1318, 1325, 1331,1332 (51151 proposi,
1335, 1380, 1443, 1444, 1507, 1524151510-
pos. 1. Martini. Thethardus (1297-98) 1597,
1616. Burchard (1300) 1646, 1656.

- - 1110111111αὲ01 (alphab. geord.) 54, 97, 98,
185, 187, 195, 209, 210, 242, 264, 315, 429,
475, 511, 564, 602, 603, 660, 697, 739, 768,
797, 813, 823, 848, 870, 882, 912, 954, 955,
1007, 1033, 1046, 1075, 1165, 1176, 1185,
1259, 1312, 1348, 1513, 1522, 1523, 1544,
1547, 1567, 1635, 1637, 1640, 1641, 1649,
101115 1151111124 1115 207, 1111 1230151511111511
611 prepos. 1. Johann. 212. 61116111 (1205-24)
22, 132, vgl. Buddo. Α]5111(1111-53)341,
355, 579, 597. Alexander (1241-53, 12581,
1011. 24) 349, 352, 353, 355, 365, 474, 478,
541, 542, 577, 579, 597, 602, 696 5. Α. Arn-
heim, Ludoli 1. (1279-98) 1157, 1165, 1222,
1254, 1311, 1314, 1367, 1398, 1503, 1523,
1524, 1616, 1515 11505. 01515. 5. archidiac.
in Ldbbecke3 Werner v. (1205— 5151230) 22,
63, 641, 66, 91, 112, 126, 132, 2901. Arnold
(1226) 163. Α15016(1253-66) 597, 605, 648,
780, 782, 783, 850; vgl. 1815111111. 01161-
11515, Ludoli 1. (1269-85) 944, 958, 982, 1024,
1025, 1083, 1096, 1107, 1151, 1152, 1165,
1179, 1183, 1221, 1235, 1243, 1246, 1249,
1278, 1298, 1311, 1314; Ludwig v. (1283-98)
1278, 1616. Basiorpe, Gerhard v. (1263-85,
1011. 4) 780, 783, 807, 808, 850, 933, 982,
987, 1024, 1025, 1096, 1107,1165,1179,1183,
1222, 1314 5. Α.; Heinrich v. (1205-41) 22,

Mindon, 860.

11, 11, 11, 111, 111, 111, 110111. uelamen,
Johann v. (1111, 1 1111 suu 7) 1111,

11571, 1183, 1436 5. Α. 011. . . . (1230) 201.
0111151115, Hermann 1. (1285) 1314. Βο60 (1211
-31) 44, 166, 196, 204, 228. Boleman, Florem
(1260-66, 12701, 1Μ111) 743, 832, 841,
956 5. A. Brauuschweig, 111111051501. (1238)
310. Β1511,Β15501. (1231) 228. Β155ο suh-
6111.(51111215-1229)641, 196. Β11150 (1255
-65) 636, 669, 675, 780, 819. Β1550 155101
(1252-53) 579, 602; vgl. 1811515011. Bdcken,
Hermann v. (1255-60) 636, 698, 736310hann
1. (1255-80) 624, 665, 669, 683, 697, 698.
700, 702, 717, 736, 747, 749, 759, 760, 761,
780, 783, 807, 808, 816, 819, 933, 944, 954,
958, Ν982, 985, 987, 1000, 1025, 1027, 1066,
1083, 1096, 1107, 1165, 1179, 1515 archidiac.
iu Lohe. Budd0‚ Alardus (1215) 63, vgl.
Alardus. Burchard prepos. 15 Levem, pleb. in
Dielingen, 1. das, 0115111651, 0111515111 (1283)
1278. Dielingen, Gerhard 1. (1261-74) 761,
783, 807, 808, 911, 944, 945, 958, 982, 1024,
1025. Diepholz, 0011115111 v. (1271-81) 987,
1024, 1025, 1107, 1179, 1183, 1222; Wilhehu
v. (1219-24) 80, 120, 132. 01111115 (laun
34. 01111115 (1239-41) 321, 349. 1111115116
(1205-32) 22, 63, 83, 120, 125,132,142,196,
207, 228, 257. 01115116 archidiacon. (1103
1224) 131. Engelberl (1208-09, 11451. 18)
33, 36 u. A. Ernessen, Albert v. (1244) 426.
Everstein-Ohsen, 0161115610280-90 1183.
1247, 1331, 1380, 1383, 1502, 1515, 1523,
1527, 1592, 1515 prepos. in Harneln. Florentius
(1263-66) 780, 850. Freclrenhorsl, Berlhold 1.
(1257-58) 669, 697, 698, 700. 01111111 (1205
-24) 22, 132. 0115116 (1239-53) 321, tila,
597. 0115116 (1285) 1314, 13251515 archid.
in Lohe. Gerhard presb. (1 1290) 1443. 011-
5116 (1294) 1523. mag. Geroldus (1241-80)
352, 353, 365, 404, 541, 624, 636 A, 1183.
0110165161115. Η116115. (1258) 697. Geminus
decan. Hildesh. (12581) 696. 0111111111 (1152.
579. 01111510 (1282) 1240, 1515 1551181515- ³
5151. 0110, archidiac. in Wunstori (1292) 1484.
0110 1. Vulpes. 00011116 presb. (51111200-01)
3. 00011116 sacerd. (um 1202) 9. 00101116

 

