11143444, 3443. 313

113441. „avunculus“ gen. 30. - 113144141411.
(4333-33) 33, 33, 33, 34, 33, 33, 33,
(3 1209 Juli 20) 37 Α. - 1134443411. von
Rudenberg (1203-36) 39, 40, 42, 43, 45,
43, 43, 34, 33, 33, 34, 33 u. 4., 33, 37, 33,
33, 30, 31, 03, 344, 33, 33, 33, 43, 33, 43,
33, 34, 33, 33, 37, 33, 33 u. 4., 30, 31, 32, 34,
33, 100, 102, 103, 103, 107,103,110,113,
114, 443, 444, 443, 120,121,123, 123, 127,
131, 132, 133,134, 133,133, 137,133, 140,
141, 142, 143, 143, 130, 131, 131, 132, 104,
133, 137, 171, 173,173, 113,173,131,132,
133‚133, 133,137, 133, 100, 434, 132,133,
133, 133, 133, 201, 203, 207, 203, 203, 210,
212, 214, 213, 213, 213 u. 4., 213, 221, 223,
223, 223, 230, 231, 232, 233, 233, 240, 241,
243, 244, 230, 231, 233, 233, 230, 231, 233,
234, 270, 271, 272, 273, 277, 234, 3334, 333,
333, 333 u. A, 233, 300, 313, 313, 313, 373,
332, 333, 413, 330, 733, 371, 4333, (4334)
1232 u. Α. (6413314343), 1408, 1457, 1469,
Nachtr. 3, 6, († 1233 Juni 26) 298 A„ 3444344441
Β. Τ1413144434 ,3434434133α 66. adiutores Conradi
B. W. E. (1236) 298 Α. - 16111431440236-
42) 303, 303, 310, 311, 312, 313, 313, 313,
320, 321, 322, 323, 324, 327, 331, 340, 341,
347, 343, 332, 333, 334, 333, 330, 333, 333,
333, 370, 373, 373, 373, 333, 404, 330, 733,
842, 1235, (4 1242 Mai 12) 368 Α. - 1314344444
(4343-33) 372, 373, 374, 373, 373, 373, 330,
331, 332, 333, 333, 333, 330, 331, 334, 333,
337, 333, 333, 401, 404, 410, 411, 412, 413,
413, 417, 413, 420, 424, 423, 423, 427, 423,
423, 433, 440, 443, 444, 443, 443 u. 4., 433,
433, 444, 443, 433 u. 4., 477 u. 4., 473, 473,
433, 437, 433, 433, 431, 432, 433, 434, 303,
303, 303, 344, 312, 313, 320, 321, 323, 324,
323, 327, 323, 333, 337, 333, 340, 341, 344,
343, 347, 343, 331, 332, 330, 331, 332, 303,
334, 333, 373, 377, 373, 330, 3334, 333, 302,
313, 300, 733, 747 11. 4., 743, 342, 1433,
(† 1253 1334434 13) 579 A, 583 Α. - wide-
kind 6431 v. Hoya (1253-31) 538 A, 583,
333, 333 u. 4., 333, 334, 333, 334, 333, 333,
304, 303, 303, 307, 303, 310 u. 4., 343, 314,
615, 616, 620, 321, 023, 624, 025, 628, 629,

630, 633, 634, 635, 636 44. 4., 640 44. A, 642,
343, 343, 443, 333, 334, 333, 334, 333, 333, 433,
665, 669, 675, 677, 678, 680, 681, 683, 684,
333, 333, 333, 333, 334, 333, 333, 334, 333,
333, 333, 333, 333, 333, 702, 703, 7040. 4.
703. 703, 710, 711, 714, 713, 720, 723, 737,
723, 723, 730, 730 u. 4., 334, 433, 742, 743,
744, 743 u. 4,, 344 4. 4., 343, 343, 333, 334,
433, 433, 771, 733, 734, 734, 373, 337, 333,
1528, († 1261 Sept. 21 144 Loccum u. das. be-
erdigt) 747 Α.; 344314113444343331, s. prepos. -
Kono (1261-66) 31331443 634 A, 745 4., 747 A,
733, 730, 701, 732, 733, 734, 737, 733, 771,
343, 333, 777,730,731, 433, 333, 737,731a,
episcop. 734, 733, 301, 304, 307, 303, 303, 310,
312, 313, 314, 313, 321, 322, 323, 324, 327,
323, 330, 331, 332, 333, 334, 341, 342, 343,
344 u. 4., 333, 334, 333, 333, 333, 333, 334,
1528, 1598 A, († 1266 Februar 22) 844 Α. -
Volquin v. Schwalenberg electus (1266-
33) 333 u. 4., 334, 333, 333 44., 333, 43434.
- frater 0110 (1237-73) 333 4., 343, 333,
333, 333, 333, 333, 333, 333, 333, 334, 333,
333 u. 4., 333, 333, 343, 334, 333, 333, 333,
344, 343, 344, 317, 320, 321, 322, 323, 330,
332, 333, 334, 333, 330, 344, 343, 330, 332,
334, 333, 333, 333, 333, 331, 332, 334, 333,
966, 967, 968, 973, 9833, 984, 990, 993, 994,
334, 333, 333, 4333, 4334, 4433, 4433, 4343
u. 4., 1020, 1021 u. 4., 4333, 4434, 4333,
4333, 4334, 4433, 4333, 43334, 4334, 1032,
1033, 1034, 1033, 1033, 43334, 4333, 4344,
4343, 4343, 4343, 1033, 1110, 1113, 1173,
1173, 1173, (1233) 1337 4344444444, 4443, 4434,
Ν331414. 33, († 1275 Ν34144. 17 in Rom) 1049 Α.;
auch Dompropst, s. prepos. - 0113 v. Wolpe
31331443, Gegenbischof? (1273) 1016. - Volquin
4. Schwalenberg (4343-33) 433 4 4333,
4333, 4334, 4333, 4333, 4333, 4333, 4333,
4333, 4433, 4434, 4433, 4433, 4443, 4443,
4443, 4443, 4433, 4433, 4434, 4433, 4434,
4433, 4434, 4433, 4444, 4443, 4443, 4443,
4444, 4443, 4443, 4433 u. 4., 4434, 4433, 4434,
1133, 1130, 44344, 4433, 4433, 4434, 4433,
4433, 1172, 1173, 1173, 1173, 1131, 1132,
1133, 1137, 1130, 1131, 1132, 1134, 1133,

 

