644 86666166 - 8661166616.

8611661166, Dietrich 1616. (1758) 698.

866 6666, Sconowiya (Ο. Heidelberg), 66666 6. N.
(um 1743-56) 406.

8611666616, 8666666616, 86666661, 8666666166,
-616116, 86666666166 (6. 71666616616, 11666611),
nobil. 6..· 1611666 11., canon. Mind., s. Η611661
86666666 (1790) 1457. 1611666 (1781) 1707.

8666616666, 8611661666 (Κ1. 1166661661), propos.
0116 (1774) 143.

86116166, 866116616, 866616 (Κ1. 86116666), 1116-
11161111. (616 1703-1717) 17, 37, 77.

86661161661, 86611616616, 8661166161, 1116111611
(um 1780) 1706. 1166111166 (1776) 1064.

8666111666, 866616 406.

86116616, 866616, 8661116 (161661186111116), Al·
vericus 1611. (1744-70) 478, 961.

8611616111, 1161111166, 1616116661661 Ministerial
(vor 1745) 434.

866661666616, 86616666166, -6616, -66166,
6611111111, 466616116666611 175, 570, 1060, 1098,
1557. 6666116 1557. — 66611166 11.· Α6611 (1777)
170. 46611 (1776-95) 1060, 10981717, 1746,
1310, 1311, 1481, 1557, 6711. Adclheid‚ 6666
111116 1098 Α. 1116611, Β1. 6116611 (1776-95)
1060, 1098, 1310, 1481, 1557, s. Fr. 111116 v.
Rosdorf 1098 A. Gunther‚ Β1. 661 von, thesaur,
616666. 1166666616, 616666. 16 Enger. Heinrich
(1706) 77. Heinrich 66666. Μ166. Ludolf, canon.
Mind. Volquin‚ Br. d. Adolf (1777-45) 170,
437 u. A„ 440 6. Α. 11616616, 66666. 1111666-
116116., 616666. 16 666161, 6166166, 6616611166.
Widekind (1771) 99. Widekind (1757-60)
570 A„ 571 11., 774 6. 11., 6. Β1. Heinrich 11.
8166166166. 816166616.

-, von: Dietrich‚ 6111616 Hameln.

-- 666611611611161666, 6. Marienmiinsier.

Schwanebeck, 01161. (urn 1771) 89 Α.

866661661661, 8161611616(11616111661166161) 7.

861166666 1355.

8666616611. 86661), 666166. 1367.

86116666, 86666, 8166116, 81666 (Kr. Diepholz)
1413. - 66118611..Ι Β1666 1661. (1741) 357, 353.
Β1666 1611. (1744) 475. (16111616 farn. (1763)
783. Gerhard mil. (1741-93) 357, 353, 579,
669, 783, 1510. 1116616611 6. S. Η61166111661.
(1763) 783. Η6116611 1611, Β1. 6. Gerhard

(1774-69) 131, 744, 355, 470, 446, 571, 551,
579, 669, 935, 161611. Μ1616161161 131, 355. 116116
sam. (1796) 1574 b. 11616611 11111.,Β1. 6. Η611-
11611 (1774-63) 131, 193, 347, 357, 353, 355,
579, 669, 783, 16166. 1111616161161 131, 355.

86666116, 7666666616, 866116, 466616116666611
680. - episcopi: Wilhelm (1748) 433. 1166611
(1757) 680. - 6611 8611161 16166611 cons. in
Wismar.

Schweringen, 86611666, 1116616661, farn. (1795)
1556.

86666116111661 (1713) 50.

8611666661, 86166616 (Κ1. Η1116616) 1747. -
von 86111 1116111611 (1791) 1470. 1166611 (616
1765-1779) 836, 877, 957, 1143, 1380, 1470,
6. Fr. 1166111616Β1666116(1767-88)877, 1380,
6. 86. Lndolf u. Walthcr (1788-91) 1380, 1470,
6. Τ. Μ61661616 (1788) 1380.

Sceyben 6. 866661.

8611166116 6. 861111666666.

Scyne, 861666 s. Schinna.

86161616166616 s, Cisterciens.

Scires. Schive.

8616161616 6. 8661661616.

8616661661 rex 6. 1166616611.

8611611166, 1116111611 11., 6. Τ. 1161661616 161666-
6616, 6666 66616611661Μ1616161. (1749) 503.

8611166161, 1611666 (1768) 901.

86166 6. 8166.

866616 s. 8666111666.

8666661116 6. 86666166616.

8661666 6. 8611616.

8661661616, 8616161616, Scoldc·‚ 8661-,86611-, ¹

Scolt·, 86611661616, 8661616116, von: Heinrich

6111. (1768) 977. 1611666 (1300) 1646. 166611 ᾖ

1611. (1736-53) 301, 337, 343, 397, 475, 476,
607. 171111166691111116161, famrn. (1770) 953.

86616, Heinrich mil. (1737, 1740 †) 307, 337. i

86616166161,.1611666, 6616666. 16 Bielefeld.
86666, Α16611 mil. (1734) 778.
86666661, 86666666166, 6. 8611666616.
86666661616, -6166, 6. 8611066616.
86666616, 866616 6. 86116166.
Sconoviya 6. 8666666.

86616666166 (6. 861166661) 445.
86611661616 6 8666116661.

 

