612

676, 669, 722, 732, 741, 766, 600, 606 4., 676,
826, 827, 828, 823,- 831, 874, 898, 931, 937,
646, 664, 666, 7667, 7676, 7666, 7674, 7666,
7666, 7776, 7776, 7766, 7764, 7766, 77674,
7766, 7764, 7666, 7666, 7666, 7676, 7674,
7676, 7666, 7677, 76774, 7666, 7667, 7676,
7667, 7466, 7476, 7466, 7467, 7466, 7466, 7667,
1626, 1626, 7646, 7677, 7664, 7664, 7667,
1646. - 6167161 diocesis 383, 1330, 1637. 061611.
Korporationen Ν661717. 47.

- - Kreuzfahoer 276, 291, Ν661717. 6.
-116777611117 ecclesia 16, 44, 69, 63, 66, 81,
67, 66, 66, 747, 766, 767, 767, 777, 766, 766 4.,
667, 666, 666, 676, 676, 664, 666, 664, 647,
242, 260, 266, 264, 202, 606, 612, 619, 666,
667, 646, 666, 666, 664,· 676, 676, 676, 667,
476, 466, 446, 447, 476, 476 4. 4., 476, 466,
466, 666, 677, 676, 664, 646, 676, 666, 666,
667, 667, 666, 666, 664, 676, 666, 676, 664,
666, 6664.. 667, 666, 777, 766, 766, 766,
746, 747, 746, 746, 766, 766, 764, 766, 764,
767, 674, 666, 666, 646, 666, 666, 666, 697,
912, 332, 966, 964, 964, 066, 066, 333, 666,
7666, 7667, 7664, 7667, 7676, 7666, 1036,
1062, 1066, 1119, 1124, 1126, 1130, 1132,
1163, 1166, 77674, 7766, 1176,1179,1130,
1217,1269, 7644, 7646 4., 7647, 1266,1266‚
7667, 7667, 1613, 1614, 1326, 7646, 7676,
7666, 7666, 7476, 7464, 7466, 7676, 7666,
7666, 1630, 1636 4., 15400. 4., 1644,1647,
7666, 7676, 76744, 76746, 7676, 7666, 1624,
1627, 1632, 1637, 1636, 1641, 1646, 1646,
1660, 1651,1666, vgl. capitulum. — capitulum
generale (1232) 1488, synodus generalis (1224)
142, (1266) 920, episcopalis (1299) 1636,1637.
statuta (um 1226-36) 162, (7666) 667, (7667)
666, (7666) 667, (um 1276-63) 76664, (7676)
7764, (7676) 77674, 7766, (7666) 7667, (7664)
1622, (1299) 1635, 1637. mensa episcopaliS,
7474747774Ι 206, 210, 936, 1027, 7666, 7666,
1119, 1123, 1190, 1314, 1395. - bona episco-
palia 511. - bekommt Reliquien der h. Magnus
u. Sebastianus 606. ’

- - 6667461676, cap. 6. Ρ6171, conventus: 10, 11,
17, 39, 44, 62, 72, 87, 113,131,132,133,137,
138, 139, 142, 167, 196, 199, 207, 206, 209,

Mindon, 61111.

776, 212, 214 u. 4., 676, 221, 226, 220, 230, ³
642, 260, 266, 267, 666, 666, 667, 666 4., 600,
616, 616, 322, 346, 349, 366, 671, 676, 666, 666,
666, 476, 476, 466, 467, 466, 4464, 467,
476 u. 4., 466, 466, 666, 677, 676, 667, 626,
634, 647, 646, 644, 666, 664, 676, 666, 666,
666, 666, 666, 666, 666, 667, 646, 666, 676,
666, 666, 667, 666, 666, 667, 666, 766, 776,
767, 766, 766, 743 4., 766, 766, 766 4., 766 4.,
767 4., 767, 766, 771, 776 4., 766, 767, 766,
766, 767, 764, 767, 667, 613, 614, 623, 624,
626, 626, 642, 646, 660, 362, 666, 667, 6 6,
670, 676, 662, 632, 636, 903, 666, 666, 677,
676, 677, 667, 667, 666, 666, 666, 644, 666,
666, 666, 666, 666, 666, 666, 667, 666, 666,
994, 996, 999, 1000,1003, 1004,1007,101611.,
7676, 7676, 7666, 7666, 1024,1026, 7666, 7677,
76664, 1031, 1033, 7664, 1046, 1046,1062,
76664, 1063, 1066, 1066‚1060,1093,1096‚
7666, 7666, 7767, 7776, 7776, 7776, 7776,
7766, 7766, 7764, 1123, 1190, 1146, 1164,
77674, 7766, 7766, 7764, 1166,1176,1177,
7776, 7776, 7766 u. 4., 7766, 1166, 1166,
7766, 7766, 7766, 7667, 7676, 7667, 7676.
7666, 1236‚1239, 7646, 76464, 7747, 7667,
7666, 7667 A, 7666 A, 1266, 7666, 7667,
7677, 7666, 7667, 7666, 7666, 7666, 7666 4.,
1312, 1314, 1326, 1626, 1329, 1346, 7646.
7646, 7666, 7677, 7676, 7667, 7667, 1396,
1406, 1410 4., 7476, 7476 4., 1417, 1424,
7467, 7464, 1436, 1443, 1446, 1467, 7466,
1490, 1616, 1622, 1623, 1626, 7666 u. 4., 7646
u. A, 1644, 1647, 1646, 1666, 1666, 1667,
7676, 7676, 7676, 76744, 7676, 7677, 7667,
1696, 1616, 1617, 1627, 1637, 1641, 1646,
1649, 1660, 1666, 7666, 16667414464614.
- - φ644444(4174447.)666, 766, 732, 762, 664,
663, 333, 1166, 1176, 1179, 1190, 1263, 1269,
1639, 1647, 1672, 1649, 67717661. 547. 11116
(991) 398 Α. - Sigebert (6767.) 488 Α. -
Egilbert (erw.) 857 Α. ·- Heinrich 1. (1146)
10 Α. - Anno (1181-83) 19 u. A, 23, 60,
185, 1359. - Thietmar 11135-1206) 1, 2,
3, 4, 6, 7, 6, 9, 10, 11, 12, 14, 16, 17,16,19,
21, 22, 23, 24, 26 u. 4., 66, 66, († 1206 71674 6) N
2441, 731294, 37 A, 39 u. A, 7717417677

 

