Tweringen - 1511115551. 653

1115115355, 0111551,,5111. (1231) 244.

Twiehausen, Twi-, Tviihusen (111. 1115555115)
192, 260, 271, 738.

Τ5111115355, rector 555155. (1515516 (1253) 597.

115515515115 1. Ζ5515155115.

115051. 11505.

Τ151155 1. Ζ51155.
1115555155 1535.

U.

0555651155,151151 1. (1265) 839.

055515, 055115, 515511 (1249) 501. 1515511,
1515515513. 0151115115] (1229) 200.

0555515 (15351) 983.

055155651151. 0555551151).

0651. 0515515513, 555111. 1131. 15115.

065, 0565, 1. 0151155,1.; 0565555111,1.; Η5-
355, 1.

0555551151), 055155651115 (111111. 5151 8551115151),
015155161, 155516, monach. in 11151515.

011515, 005, 0055, 011155, 0115155, 01055 (Kr.
Minden)‚ villa 722, 943, 1090; 131. 5555 Salz-
511515. - 555 U..- Amilius 01. 6. 055156 (1228
-55) 187, 631. 01511155 (1209-28) 34, 36,
37, 100, 120, 131, 141, 142, 150, 187, mind.
111511151151 131, 142, 150. 01511155 5111.,01. d.
Konrad (1243-68) 400, 561, 579, 602, 607,
620, 627, 636, 642, 669, 675, 687, 688, 691,
698, 832, 923,51156.01511151151832. 01511155
S. 6. Α5111151 (1255) 631. 01511155 S. 6.Κ55156
(1258-82) 691, 698, 776, 783, 789, 843, 850,
882, 911, 927, 944, 950, 956, 958, 965, 966,
967, 985, 1003,1024,1025, 1031, 1134, 1142,
1192, 1221, 1223, 1254, 15150. 6. 5515. Ludwig
1. 1115511511 1142. 01511155 fam. (1300) 1664.
01511155, 5551. Mind. Gerhard (1224) 131.
Gerold 1515. (1288-97) 1401, 1593, 1602,
1155650516 (1297) 1593. 05151155 (1259)
711. 055156 1511. (1228-71) 187, 264, 319,
352, 353, 365, 366, 380, 393, 400, 404, 413,
532, 519, 602, 607, 620, 627, 636, 669, 677,
687, 691, 698, 717, 776, 781, 783, 789, 832,
843, 850, 865, 882, 935, 944, 956, 965, 966,
551, 985, 11111111ζο55155] (1151) 555.

0515511511, 0115565115 119.

Ukenburg, 0116535116, 11111115 6. 1156511 1. (151
1232) 248.

015651. Oelde.

1115555135, 0515516 1. (um 1280) 1206.

01556515, 11115515 055551 508.

01155555155 (115 111111), prepos. quondam Meyn-
11551 (1264) 801.

011155, 065111551, 0111551, 0111551(11111511551
1202) 9. 1131. 5655155, 1.; 0111511561, 1.;
dominus (um 1280) 1206; 0535155115 05351,
55555.; 1111151555, 1.; Η51551115555,1.; 155651·
551355, 1.; 155155, 1.; 155655,1.; 0556511-
155, 1.; 01555513, 1115555, 1.; 0155551, 1.;
0155511151, 1551511, 1. 155555. 55555.; 011515-
651·1,1.; 1151155513, 5111155113 1151511515, com. v.;
Sommerkalf3 Thodinc; Winkele, v.; 0111111115, 1.

0515155515, Florico v.; 1515. (1296) 15745.

05551 s. Hake.

05355155, Heinrich, mil. (1266) 861.

05116531515165 (15351) 1247.

011555155, 01155155 (05015655) 624,1074.-
von 11..· 05155516 (1255) 624.

0111151551655 campus (151 0551511115555) 1367.

0155551 1. Ρ1111115.

01151 1. Bere.

0115551, 0111551, eeclesia 235. - episcopi: Wil-
515511 (1231) 235. Heinrich (1263) 7915.

0155555513, 0155555155 (11011511. 055155 5.
111515 551 1. 0151515151) 1554, 1556.

0151551, (1515516, 1515515513. 0151115551 (151
1245) 434.

V (1310).

Vahlsen, 11515-,111515-, Valhusen (0. Ρ5151155355)
1224, 1331, 1334, 1483.

Valdebrunus s. Avellonensis episc.

Valdori, 115155-,151-, 1150-, Waldorpe (5. 11151115)
689, 722. -55515115722,

15015, 05155516 (1292) 1485.

1151111 benedictionis 1. 115155.

- regis s. 1151-1151.

- 01555111 1. 1151-1115551.

- 1. Ρ5111 1. 05111515555.

1151-1115551, Vallis Riecerii (0515155615), abbae
5. N. (um 1243-56)106.

 

