650

(1550-41) 88, 355. 0911110090550) 88. Hein-
rich (1541-50) 355, 545. Herlmann, zwei d.
N. (1550) 545. Hermann (1531) 541. 1011900
(1550) 545. Ludoll. pleban. in Willekindsberg
(1578) 1118. Ludwig (1550) 545. Samson
1091,(15581 186. Sprnng, Ludwig (1578) 1118.
- - 909119, apud s. Mariam: 186, 556 Α.,
344, 393, 401, 555, 717, 1403. cimiterium 66.
- 8101111 (1566) 847. - 0011101101, capitulum
66, 100, 186, 344, 401, 451, 437, 555, 608,
609, 677, 698, 717, 734, 735, 754, 783, 847,
985, 1115, 1116, 1666. - 1160111519101019Ν9-
1090 (1516) 66, (1551) 100. Α69111916(1558-·
43, resign. Nov. 16) 186, 344, 393, 400 11. Α.,
401, 437. 1169111916 (1543-45) 400 Α., 451,
437. llargareihe (1551--541 555, 608, 609.
Α69111916 (1557-77) 677, 711, 717, 734, 735,
754, 847, 985, 1115, 1116, 00011 abbat. in
Wunstorf. 1191111160 (1300) 1666. Adellreid
(Anf. d. 14111.) 400 Α. - decane: (allgem.)
847. F. (1541-54) 344 u. A.‚ 437, 609. M.
(1577) 1115. -1011011110,1101111“119.· 401, 846. ·-
preponitur Ludoll Ρο91 (1575-74) 1000, 1054,
1055, 1057, 10309, 1031. - plebani: lohannes
(1551) 100. 19101191101191011916 (1588) 1403.
- canonici: 35. lohannes sacerd. (1541-45)
344, 355, 400, 437. 1000009900119 sacerd. (od.
1οΝ901160111 1558) 186. Lamberl 11. 1191011016
(1568) 915. Heinold sacerd. (1556) 654. Vol-
bertus (1541-54) 344, 347, 355, 393, 437, 555,
609. - capellani Burchard u. Heinrich (1588)
1403. - 1011101101 (0691 10 Nenndorfi) Lulberlus
(1558) 186.

- - s. Martini 90019919, clauslrum: 59, 60, 87,
95, 93, 131, 135, 133, 134, 147, 185, 511,
550 Α., 556 Α., 565, 350, 354, 355, 336, 418,
448, 449, 481, 485, 488, 513, 558, 533, 538,
603, 661, 676, 783, 789, 804, 871, 885, 903,
957, 1065, 1063, 1075, 1088,1089,1091,1159,
1130, 1158, 1163, 1164, 1306, 1399, 1474,
1475, 1566, 15691607. capellas, Β911110100191
1556. 011919 9. Ν100101 1401. chorus 511.
cimiterium 810. dormitorium 511. 9910011010
1306. Stalai (1530) 511. Teilung der Pra-
benden 59. 11191009010 1011 60. — parochia:
1088. - capitulam: 93, 135, 133, 511, 595,

1110600, 1115910110 69181161.

350, 336, 448, 449, 481, 485, 488, 498513,
533, 543, 661, 667, 698, 783, 871, 903, 957,
950 Α., 1074, 1075, 1088, 1089, 1096, 1119,
1130, 1163, 1164, 1306, 1358, 1399, 1401,
1474, 1475, 1566, 1569, 1614, 1658. - pre
0011111Ρ1009191507. prepos. (allgem.) 511,1911
1530 1011091 001009000. 507. Hermann (1509)
36. 1910016119 (1515) 63. 7191091 111111690-
berg (1550-55) 83, 87, 89, 93, 94, 114131,
145, 166, 185, 196, 551, 557, 589, 310, 319,
354, 349, 355, 365, 366, 398, 410, 411, 456,
449, 460, 478, 483, 484, 488, 513, 545, 543,
555, 5649, 919, 945, 6900 Domdechanl, 911111
archidiac. in Hoknlve. Konrad (1561-63) 759,
760, 761, 763, 780 0. Α., 783, 936, 956, 11 1563
100157) 780 Α. Widego (1563-85) 7801,
789, 805, 807, 808, 816, 831, 835, 843, 855,
871, 885, 895, 911, 914, 955, 933, 935, 944,
950, 954, 958, 961, 985, 987, 1000, 1054, 1015,
1057, 10300, 1031, 1049, 1066, 10741075,
1083, 1096, 1107, 1153, 1130, 1131, 1137,
1143, 1151, 1155, 1165, 1179, 1183 (nidi
Volqnin), 1195, 1508, 1515, 1514, 15111511,
1555, 1535, 1540, 1543, 1546, 1549, 1556,
(1588 Falschnng) 1387, 1399. 110101110980119119·
berg (1586-97) 1335, 1335 11.Α., 1399, 1190,
1553, 1597, 00011 Domscholasl. - 11111911
(allgem.) 511. 01910011(1503-51) 10, 15, al.
100. Heinrich (1554-41) 133, 555, 565, 595,
354, 336, 355. Konrad (1545-61) 446, 448,
449, 481, 485, 488, 498, 513, 533, 543, 563,
597, 650, 654, 636 0. Α., 641, 648, 601, 669, ‘
683, 687, 696, 697, 698, 700, 710, 717, 743.
747, 749, 0110111053. 0009 Ν90190 (1564) 804.
01910011 (1567-68) 871, 885, 903, 957. 11100111
(1576-79) 1074, 1075, 1088,1089,1096,1130.
1163. 01109 1101090 (1287-88) 1358, 1399. ,
1101. 11111111111991)1414, 1115. namen
(1596-1300) 1566, 1569, 1614, 1658. -
cellerarii: (allgem.) 511, 1399. Rudoll (1576)
1075. officinm cell. verbunden 0111 dem 01111.
0001 91 nunni 1399. - mandes: 0191110110531
-33) 557, 565. Η91011011 (1550-55) 558, 639,
654. Α10016 Simplex (1564) 804. - 1101016111
01109 Namen (1536) 595. 01910011 (1550) 556.
Κο0106 (1567) 871, 885. Wulnerus (1576) 1075.

 

