1191901190110111 - Mindon, 81961. 607

1590. - 999 Μ..· Engelbert, 00119. Mind. Hein- 476, 492, 532, 536, 575, 577, 579, 590, 599,
11011 fam. (1966-71) 843, 989. 602, 603, 606, 607, 608, 609, 625, 627, 636,
11919051901191119190119111. 649, 643, 647, 654, 658, 665, 669, 683, 686,
Merseburg 91996991. 3111011916 canon. (1249) 515. 690, 698, 700, 709, 710, 717, 794, 797, 743,
- canon. 7111196119, 0191109. in Walbeck (1949) 744, 755, 759, 760, 761, 769, 767, 768, 771,
515. - capellan. episcopi Gerhard (1294-49) 775, 776, 783, 787, 794, 795, 797, 801, 804,
143, 515, 891, 899, 893, 894, 825, 831, 839, 834, 849,
Μ9119910 (9119117.Μ1116911) 967, 1566, 1573, 844, 847, 859, 865, 867, 868, 889, 894, 895,
1576. 899, 900, 903, 904, 905, 906, 907, 908, 911,
11911916, Μ91999169,Η91111911111., 11111. (1264· 99) 919, 913, 917, 990, 922, 993, 997, 930, 939,
806, 1485, 9.Β1. Heinrich (1992) 1485. 10119110 933, 936, 944, 956, 958, 961, 969, 964, 968,
mil. (1964) 806. 971, 985, 987, 994, 997,999,1001,1003,1004,
1199911019, 119919011019,415191161. (1993) 190. 1007, 1009, 1091, 1094, 1095, 1096, 1097,
4111191161, civ. Mind. 1099, 10309, 1031, 1039, 1033, 1046, 1051,
1199911391 (Κ1. Lingen), presbiter ο. Ν. (um 1074, 1083, 1101, 1119, 1115, 1116, 1190,
1995) 1588 A. 1193, 1199, 1130, 1131, 1137, 1143, 1145,
Μ9111118911,Μ91111139,99916915916(1931-45) 1147, 1148, 1149, 1150, 1151, 1159, 1153,
947, 307, 337, 436. 11115911, sacerd. in 0119111- 1155, 1156, 1158, 1165, 1179, 1176, 1179,
heim (Westf.). 1181, 1189, 1183, 1187, 1190, 1199, 1198,
Μ911, Μ9119 406. Ausstellungsort 1360. 1901, 1903, 1904, 1908, 1910, 1919, 1914,
Metzthorpe s. Medestorpe. 1917, 1918, 1229, 1993, 1229, 1931, 1939,
Michaelstein, Lapis 9. Myehaelis (1). Β191111911- 1935, 1937, 1938, 1939, 1943, 1944, 1946,“
burg), 95599 0. Ν. (um 1243-56) 406. 1947, 1949, 1953, 1954, 1956, 1957, 1960,
Μ191191,(1911191611.Β16901111Τ11111110(1278)1126. 1976, 1977, 1978, 1979, 1984, 1986, 1989,
1116111111 (im Lande 7711191911), monast. 80. 1990, 1293, 1995, 1997 u. A, 1299,1302,1311,
11119591399.Μ6115919911. 1314, 1394, 1395, 1396, 1334, 1335, 1337,
11119169119119119(5.Μ1116911) 1118. 1343, 1346, 1359, 1357, 1358, 1362, 1364,
1111195911,11111191191111 9. Μ91119111. 1365, 1366, 1367, 1373, 1376, 1377, 1379,
Millingehusen 9. Mellinghausen. 1388, 1391, 1399, 1400, 1401, 1408, 1419,
11110 vgl. Minden, episcop. 1413, 1417, 1419, 1497, 1430, 1431, 1434,
111199(Κ1.Βὶ9191916)16951669. 1437, 1457, 1459, 1463, 1464, 1469, 1474,
11116959139911116911119139. 1483, 1488, 1490, 1491, 1501, 1505, 1506,
11116911, Mynda, Minda. stadt, 0111199, opidum, 1514, 1590, 1521, 1594, 1528, 1529, 1530,
urbs 1, 66, 81, 185, 193, 943, 951, 964, 352, 1533, 1538, 1540, 1545, 1546, 1547, 1549,
353, 380, 406, 449, 454, 458, 561, 597, 602, 1554, 1564, 1565, 1566, 1569, 1579, 1573,
658, 660, 665, 690, 695, 698, 710, 719, 798, 1574, 15745, 1577, 1578, 1585, 1588, 1591,
739, 762, 781, 795, 809, 810, 832, 834, 850, 1598, 1610, 1613, 1614, 1617, 1634, 1645,
862, 949, 950, 968, 981, 986, 1001, 1006, 1019, 1650, 1659, 1653, 1655, 1656, 1657, 1660,
1090, 1031, 1051, 1054, 1082, 1124, 1132, Ν901111. 47.
11519, 1954, 1319, 1321, 1326, 1345, 1401, - -0919111951911111 691 660, 954, 11531540,
1444, 1455, 1457, 1469, 1474, 1475, 1494, 1637. 19010199 ecclesiarum 1153. (191911. Κο1-
1593, 1530, 1549, 1550, 1556, 1566, 1567, ρο1911011911Ν991111.47.
16391635, 1637,1644, 1650. -· Ausetellunqsm - - 119951, Η991191 u. Verkeltr 869. iudicium
131, 208, 950, 256, 969, 313, 315, 319, 391, civitatis, 5196119951 647, 762, 1319. 1110911911-
399, 347, 365, 366, 374, 376, 388, 389, 394, 11191111 (1239) 256. theloneum infra 011. 1391,
395, 401, 421, 497, 437, 446 A, 463, 474, 475, 101160,185,956, pontis 956. Tuchverkauf 250,

 

