1166616666 und verbesserungen.

———·——-—

1. Nr. 22 161616 Ζ6116 666 8661666166 11661 Α166666, Eekehardus.

2. Νν. 76 6166161616 86116 66ν 61666. lies: 66 dem 6161166 666.

3. Ν6616 Νν. 106 161 616666611661 Ε6661661661 1169616661 von 11616 6691 666 8666166166 666 [1616661661
666 11116666, dem 6116666 066669 666 666 1166669666 von 8661666 6661666669 Dank fair 616
dem 1116616610166666119 666 Η11666166166 9616161616 111116 666 611161 616, 116 66616 1666666116 zu
661666161666. O. D. (1221).

Gedr. 06. Guelf. 111, 8. 643.

4. Νν. 131 161616 8611666661666. 1166186166166661668696116666.

5. Nr. 137161616 Ζ6116666 61666. 11661[16666616616161106666166166166.

6. Ν6616 Νν. 155 161 616666611661 Κ61666 Friedrich 11. 66666161 dem Grafen Η116616616 von 16666166· und
666666 9666666666, 6666 66 616 Ε61661ι616669 666 81661166 mit 6666 81661661 (1166666) von 1116666,
666616 66616166 666 1166666669 6619616066 666 666 Laud 66666616166666, 6666 11666696 von 136666-
66166619 6666166966 habe 666 1666661 666 066166 auf, 61616 dem 1161611 666 Η666696 zu 6616666666.
86696 866 11666166 1226 16115.

0666. 06. 016611. 111, 8. 686, 1169661 86166668161666 V, 1646.

7. Νν. 167 8666 666 616666 66 666116 66616 1161661666 616111661166616666661616666616.

8. Νν. 179 661116 Ζ6116 666 1166166166 11661 ipsa ftir ipsam.

9. Νν. 231 666161616 Ζ6116 666· 61666. 11661 1116616616 61611 81661661.

10. Nr. 251 666116 Ζ611666611661661661166166 Hemenhusen 61611 in H.

11. Νν. 321 6666116 Ζ6116 11666 816616666 61611 816666666.

12. Νν. 333. 1166 06. 161 im 16666691. Α66666691661ι66 66616166 16 86611169166666. An 6619666166 866666-
16666 11661666 8169616 666 066166 0116 666 666 666619 66661661916 666 (16666 sophie, 666116.
1116611. 816961 Τ. 35 Νν. 4.

13. Νν. 334 1169661 11661 Eme 166 86666166.

14. 116, 353 61666616 Zeila 666 1166166166 1166.ι Henne 61611 Heime.

15. Νν. 415 6666161616 Ζ6116 666 Α666. 11666 01666666 61611 1116666666, 666 1161166666 161 6161161611
1666666166 Η611616 66. 666 86661661 zu 66166666.

16. Νν. 457 6666116 Ζ6116 11666 116166 61611 116166.

17. Νν. 487 66616 Zeila 11661 6166616691 61611 66661691.

18. Ν6. 585 66616 Zeila 11666 Η6166666166666 61611 Η66666616.

19. Νν. 586 6666116 86116666 1169. 11666 Ν66666 61611 Ν666666.

20. Νν. 591 61666. 116666 616 0661666611 8166666666 691. 66616 6. Η6666166ν9, 86966 UB. 616111. VII, S. 15
Νν. 18 61666. 66611. 1166166666, Die (16616616118166666666166 stifte 1616666, 11616666 1881.

21. Νν. 617. Da& 06. 691666161616166 16666691. ,46666669666666 6166116616 11661669166666.

 

