570 8551155511- (11151111.

12871) 588, 628, 636, 648, 691, 702, 704, 742,
782, 819, 1372, 111111115. 15 851. castrum 782,
1. 771151 8111151111 (1287) 1372. 851115111,
81. 5. 0115 5. 81115115 (1266) 853. 81115115
(1266) 853. 81115115, 1111515. Minisicrial (vor
1245) 434. 81151151 iam. (1275-92) 1052,
1172, 1365, 1475. 811511511511. 81. 5. 8115111
(1241-53) 352, 353, 446, 452, 541, 588. 0115
(1266-82) 853, 1236.

8115115 5511, 81151155511, 8115115511 111. 81511-
111155,1., 61551, 851115, 51.

Friedrich, 8115111151, 8515111151, 81155111151
111. 11515115, 1., Α51, 1., 515115515515, 11511-
111, 8111, 81111111, 811111115, 51115. s, Maric;
8511151; 85115511515115, 511515, 8511151, 1. 5.,

8511115111, 0111551111, 1515., 8111155111, 1.,
81511115, 1., 811115, 1., 61151151511115, v.;

61151, 1., 6111515155111, nobil. v.; 6111551,

6151515111151, 55511. 1., 81151111151, 1511155,

811111, v.; Hchlen‚ pleban.; Heidelbeck, v.;

Hokcsowe, v.; Holzhausen, 1111511111, Huddes-

, 1511, v.; Η555111151111, 15111151, Κ11111, 51511151,
Lahde, 111111, Lcrbeck, v.; hoho, v.; miles
(1249) 515, 815515, 51511151, Μ5511551, 8115-
511, 511515, 0151515111, predicator. 111111,
Ρ1511, 85551, 8511, 8111515111, capellan. in,

capellan. 155111, 55111. comit„ v.; 81115111, ¹

com. v.; 8515511, 55511. v.; 8515551111, 81111151,
v.; 81151511, Τ511515151111,1.; 71111111, 71551-
51111, 1., 751511, 77151111151155151, 1., 771111511-
55115, 1., Wurdighuscn. v.

811111155 414, 572, 587. West· 612. Osi· 69.

811115115 e. Fridach.

Frigida curia, Galiboi, 1. 811115.

811111, 71111151, 771115551, 7111151, -551, -5515
(8111115515) 108, 165, 364, 804, 1261, 1308.
51151511 1423. - 511115. 8115115 7511 (1277
-92) 1111,1470,1483. - 55115155.1ο115115
(1264) 804.

81115, Heinrich fam. (1295) 1556. 0115 1511.
(1264) 806. 85151111511. (1253) 594. 8115511,
1551. 15 77111511.

81555155111,51511111. 1062.

8155511115, 77115155 (515 1280) 1206.

8151511111, 71515115, 71555151 (ΝΟ. 8115511111)
350, 385.

85151511, 751155151, 8511551. (1264) 806.

8111151, 7511515, 7751, 75151151, wulmari, 7555
(Ο. 811511115), von: 01111115 (1264) 799. Eckc⁴
ricus (1243) 404. 8111111151 S. 5155155 (1284)
1297. 8115515 81. 5.1ο5155(1247-53) 478,
598, 597. 81155151511. (1286-96) 13351581.
8115515 dapifer 1. 81515155511. Johann mil.
(1247-85) 478, 593, 597, 642, 1126, 1297,
1318. 77111511 S. d. Johann (1284) 1297.

8111111515 (5. 71151151, 8115511511.) 1. 811115-
1551.

851111511115 (111111 5. Ζ111155111, 811115),
cosham 941.

855115 (8. 8111-015155511) 96.

85151, 551111115511511 716, 752. - 5151151045.
- 1551115151 716, 730, 736, 752. - abbas Hein-
rich (1259-61) 709, 714 u. A„ 716, 730 5. Α,
736, 752. - decan. (1259) 716.

85151 (Kr. Fallingbostel) 125.

G. vgl. Mindon, 1. 81511111 51151, 8151111511 (1230)
208, 0511551151(171111.),55511111, 7715115551·
berg, pleban.

6155115155511151115515. 811111115) 265 5. Α.

6151511151, 8551511151, 81111115 1. 1511. (1296
-99) 15745, 1632. 81111115 1151. 5. 75155111
5111. (1296) 15745.

61111151, Johann 1511. (1258-73) 689, 937, 1019.

615511151151, 6155111115, sanctiam: 1111111151
Τ. 511 8115. 5. 511 8115111111 v. 8111155115
(5511185-1206) 2. 8151111 55511. 1. 8155151-
515115 (1260) 728. - von (1.1 Johann 11111.
(1250- 61) 525, 616, 654, 683, 689, 754. 111-
15111, 81. 5. 155155 (1250) 525. 8511111511,
Br. 5155155 (1254-58) 616, 683. 75115111
1511. (1258) 683.

Gandesbergen, Jakob 1. (1284) 1297 5. A

(1151, 855115, mil. (1264) 806.

1115111511, -1511, 81151115 fam. (1270) 957. i
Lambcri (1210) 337.

611551511115, 6115515111155151115. 1151515115
5815511515) 860 5. Α, 1151111158111551511115. ,

Garbsen, Gerboldessen, 611555111111, Garbol· ,
511115 (Kr. 81511151 1. 8.) 121, 195, 446.
11111111521.

 

