618

(stati Rudenberg? 1277) 1107. 1101000, Wich·
01000 1., 000001 (1265) 831. Reinboldus sacerd.
(1228) 181. Reinhardus (urn 1185-1206) 2.
1101011010υο 0101100. 10 Seelze (1276) 1076 0. Α.
1101001000 (0011185-1224) 2, 131, 132. 1003.
1110001100 (1231-58) 245, 555, 669, 697, 700.
11000011, 3010110111 1. (1268-85, † 1011 24) 911,
913, 944, 1074, 1083, 1096, 1107 0. Α. 1156,
1165, 1102, 1222, 1235, 1248, 1278, 1299,
1303, 1312 0. Α., 1412, 1641 u. Α., auch archi-
diac. 10011000; 0. Br. 1011011(1280-87) 1192,
1312, 1357. Rudolf (1277) 1091. 1111όο011013-
81101011013, 10110001. (1266-97) 850, 919, 971,
982, 992, 1003, 1025, 1096, 1107 Α., 1139,
1165, 1179, 1180, 1221, 1222, 1262, 1298,
1332, 1362, 1377, 1380, 1399, 1405, 1507,
1523, 1524, 1597, 131. 1. 1101111013. 8....
(1230) 208. 80011030, Widego 1. (1259) 709.
80001100013, (10 Monte, Heinrich (1205- 010
1220) 22, 63, 640, 89 Α; Heinrich 1. (1250-
63) 525, 697, 776, 780, (1100. 14) 780 Α.,
00011 001100. Hildesh.; volquin 1, (1265-74)
823, 912, 933, 944, 974,1024,1025; 1171110301.
(1250) 531. Schaumburg, 0010. Gerhard 1.
(1300) 1668 0. Α., 00011 00000. Η11110011.
800001011013, Konrad 1. (1215) 63; 1101111011.
(1205-31) 22, 63, 66, 83, 132, 228. 80111000,
mag. 01001111. 11252-72) 574, 588 Α., 620,
628, 636 u. Α., 638, 642, 069, 683, 697, 698,

mstfflnrmstffiuemmdwc

wcmstfflwewcfflfflemcc
000000000000001

912, 914, 922, 933, 944, 950, 954, 958, 982,

985, 987, 1003, 00011 0101110100. 10 Ahlden.

8011000013, 10110001. (1263*98) 780, 783, 807,
808, 850, 944, 974, 982, 986, 987, 1025,1096;

1000000000000000

1367, 1380, 1452, 1608. Schwalenberg, Hein-

110111.(1279-82) 1165, 1179, 1221, 1246, 1249;
Ludolf 1. (1285) 1812. 800, 1110111011 1010 (1205

-36) 22, 63, 65, 100, 126, 132, 142,161,187,
220, 228, 2900, 233, 298, darm 010000. 80011011,
Reinhard 1. (1261) 759, 761. 8103111011 (1280)

1192, cuch script. 00. u. 00000. s. Martini.

000001000000000

5001000000000000

Mindon, Stift.

669, 687, 697, 698, 700, 702, 710, 717, 730,
747, 749, 759, 760, 761, 763, 764 0. Α., 767,
780; 0. Β1. 1101011010 (1255-80) 636, 638, 642,
683, 697, 698, 700, 736, 743, 763, 776, 7110,
783, 807, 808, 895, 933, 958, 986, 10211025,
1083, 1096, 1165, 1179. 8000111010, 81000 r.
(lice-39) 132, 187, 228, 298, 327, darn
cani0r3 0. 8111οο110 Bruno 1. (1268-80) 697,
698, 700, 702, 743, 759, 760, 761, 764, 807,
808, 816, 832, 850, 870, 882, 912, 933, 958,
962, 982, 986, 1000, 1024, 1025, 10211083,
1096, 1107, 1156, 1165, 1179. 8011011, Alberi
(1253-85) 602, 669, 697, 698, 7007437119,
761, 780, 783, 807, 808, 832, 850, 933, 941,
958, 987, 1024, 1025, 1083, 1096, 11011105,
11791314, 131. 81000. 801003, Ludwig 11202
-95, † Nov. 23) 794, 899, 900, 1118, 1249,
1311, 1314, 1438, 1473 0. Α., 1528, 11001111. 50.
8101100010, 1011000 v. (1254-60) 620, 743.
8100110000, 00011 canon. s. 8011110111 1011010010-
1101111 (1204-07) 31 0. Α. 8110010013 0. 111-
0000013. 8011001000 (1205, †Juli 9) 22 011.
Tzantemerle 0. Ζο01. 1010011011, 1001011. (00
1230-1250) 221, 228, 355, 478, 541, auch
decan. s. 1011000, 131. auch 1001010100. 1010-
marus (um 1185-1206) 2. 10101010103100,
Ηο10110111.(1205)22. 1101000, Vos, Giso (1280
-98) 1183, 1254, 1299, 1311, 1314, 1335,
1357, 1401, 1451 0. Α., 1473,1483,1487,1490.
1523, 1524, 1565, 1616, auch archidiac. 10
Ahlden3 Richard (1294) 1523. 1110000000
(1255-66, 12761) 640 0. Α., 662 0. Α., 670,
682, 693, 736, 773, 835, 859, 1076 0. Α., auci
0101100. 0. Georgii in Hannover. Warierrberg.
Konrad 1. (1250-62) 521, 528, 535, 57111111,
624, 636, 669, 697, 698, 700, 702, 711743.
747, 749, 754, 759, 760, 761, 763, 764, 767.
auch archidiac. 111 11011010 0010000. 01011000.
1170000000, Ηο1011011 v. (1280) 1183. 1101001
(1221-24) 100, 142. 11001100, Βο101101111.
(1277) 1107. Wicelus sacerd. (1242) 375.
Widego (1241-631 349, 478, 531, 602, 624,
636 0. Α., 638, 642, 669, 675, 683, 691691,

ΜΛο0οΜΛο00οΛ00
000000000000000
(mnwrmmcmwmwstmcn

 

